1609 2204.597412 -174.561615 -12.475395 1
1609 2000.655518 -132.367233 -29.291807 2
1609 1988.380493 -146.539383 -36.144615 3
1609 2077.255615 -40.461117 -15.610690 4
1609 2063.153809 -106.783272 -10.221199 5
1609 2107.269531 -191.536926 -22.166355 6
1609 2055.372314 -164.609741 -34.141567 7
1609 2090.204590 -218.213089 -15.905331 8
1609 2233.285889 -217.561050 -12.475395 9
1608 -36.215008 -1890.830444 -0.783417 10
1608 205.721970 -2011.397949 -0.783415 11
1608 564.277649 -2089.383789 -0.783415 12
1608 279.686554 -2166.256104 -1.118761 13
1608 486.680359 -2104.060303 -0.783415 14
1608 -132.241089 -1785.201904 -1.247014 15
19315 -2720.838379 -1059.179688 11.666725 16
19315 -2244.746094 -1098.381958 15.172492 17
19315 -2196.513672 -1189.319458 15.171875 18
19833 -980.742920 -2200.951660 42.186203 19
19315 -988.454285 -2346.747803 67.113670 20
19833 -1410.759644 -2378.100098 29.640976 21
19833 -916.336426 -2633.012695 94.156448 22
19833 -1739.367310 -1947.636841 98.019646 23
19315 -586.888489 -1827.012695 31.088413 24
19833 -545.882507 -2060.168945 56.234936 25
19315 -478.987549 -2116.197266 89.386078 26
19315 -441.057800 -2145.027100 89.171692 27
19833 -85.179344 -2674.870605 76.590919 28
1609 -2103.881104 -1383.026611 -6.380016 29
19315 -672.794861 -2565.667969 59.344730 30
19833 -760.970703 -2609.406006 75.738571 31
19315 -1868.716309 -2430.613281 33.715572 32
19833 -588.313354 -2315.444092 27.227116 33
19833 -843.560181 -2281.573975 20.173363 34
19315 -597.927063 -2459.511719 50.987595 35
19833 -799.702026 -2381.034180 56.128643 36
19833 -600.860229 -2218.195801 24.763245 37
19833 -655.190491 -2104.064697 26.394308 38
19315 -931.099976 -2471.750977 98.433701 39
19833 1279.237427 452.103088 17.843800 40
19833 1481.745605 296.867706 17.843800 41
19833 1442.551636 117.491096 23.700500 42
19315 1874.091064 -664.466187 94.318497 43
19833 1934.295532 -708.297791 115.857697 44
19833 1819.120850 -570.060120 73.491096 45
19315 1794.546021 -456.486389 82.889000 46
19315 1794.790527 -383.117004 84.473198 47
19833 1791.802368 -278.245605 65.529900 48
19833 1535.834961 -267.204712 12.890000 49
19833 1761.497314 -169.119293 77.554901 50
19315 1513.266113 422.155914 19.285601 51
19315 1529.727173 196.656006 22.004101 52
19315 -2382.226074 -2400.748779 24.537100 53
19833 -2289.346924 -2281.065430 23.135900 54
19833 2074.112549 87.198997 27.235500 55
19833 2037.188354 348.393402 26.444901 56
19315 2290.327637 -227.169205 10.860800 57
19833 554.676880 -719.803772 14.714600 58
19833 513.088379 -675.856384 17.448500 59
19833 492.031189 -511.677490 40.906898 60
19315 700.751404 -301.355804 6.507200 61
19315 1466.856567 -167.645004 24.878599 62
19315 883.594299 53.279499 82.676300 63
19315 182.014893 22.418100 1.082300 64
19315 259.865112 -485.960602 19.764700 65
19315 192.989197 -564.423523 48.513599 66
19315 422.031189 -460.788391 31.167101 67
19315 1157.800903 -339.820099 63.574501 68
19833 -942.567810 -943.041321 130.984894 69
19315 -955.796997 -1036.454590 128.618805 70
19315 -947.326782 -1172.578003 128.460403 71
19315 2006.376709 -753.737427 127.681702 72
19833 2217.903076 -622.924072 119.250198 73
19315 2190.573242 -545.682678 122.189499 74
19833 2335.329590 -755.698486 129.571198 75
19315 2568.240723 -912.631714 82.305298 76
19833 2054.985596 242.751297 24.674400 77
19315 -656.967285 -472.723114 38.527901 78
19315 -567.012024 -430.817688 32.739498 79
19833 -779.981812 -481.304291 21.515100 80
19833 -398.671509 -456.990112 16.431999 81
19833 -290.464813 -266.214691 4.361900 82
19315 223.591095 -677.631714 44.445301 83
19833 87.676697 -766.638000 33.507301 84
19315 2698.969727 -627.597412 80.775299 85
19833 2658.076660 -501.905304 68.465103 86
19833 2579.631348 -154.291702 44.142399 87
19315 2620.994385 -122.752899 45.578098 88
19315 2750.613281 65.658699 20.476299 89
19315 2605.596191 154.281204 41.407398 90
19315 2533.451904 235.130096 48.850399 91
19315 2444.877930 265.842987 27.772900 92
19833 2314.744385 246.853500 23.241699 93
19833 2200.250977 156.174103 23.310499 94
19833 561.591614 -364.073914 28.622400 95
19833 561.591614 -364.073914 28.622400 95
19833 561.591614 -364.073914 28.622400 95
19833 -1728.219482 1894.110107 20.705500 96
19833 -1728.219482 1894.110107 20.705500 96
19833 -1728.219482 1894.110107 20.705500 96
19833 -1758.863892 1974.021606 16.070000 97
19833 -1758.863892 1974.021606 16.070000 97
19833 -1758.863892 1974.021606 16.070000 97
19833 -1637.177490 2322.946289 39.908199 98
19833 -1637.177490 2322.946289 39.908199 98
19833 -1637.177490 2322.946289 39.908199 98
19833 -1682.609863 2442.437500 75.501198 99
19833 -1682.609863 2442.437500 75.501198 99
19833 -1682.609863 2442.437500 75.501198 99
19315 -1962.202393 2271.631104 17.960800 100
19315 -1962.202393 2271.631104 17.960800 100
19315 -1962.202393 2271.631104 17.960800 100
19315 -2036.538818 2424.192383 39.230801 101
19315 -2036.538818 2424.192383 39.230801 101
19315 -2036.538818 2424.192383 39.230801 101
19315 -1901.257813 2566.326660 46.921299 102
19315 -1901.257813 2566.326660 46.921299 102
19315 -1901.257813 2566.326660 46.921299 102
19315 -1861.358398 2715.797363 70.543297 103
19315 -1861.358398 2715.797363 70.543297 103
19315 -1861.358398 2715.797363 70.543297 103
19315 -1955.394043 2727.690918 105.392998 104
19315 -1955.394043 2727.690918 105.392998 104
19315 -1955.394043 2727.690918 105.392998 104
19315 -2211.656494 2747.487061 153.965195 105
19315 -2211.656494 2747.487061 153.965195 105
19315 -2211.656494 2747.487061 153.965195 105
19315 -2491.672119 2713.109375 86.793999 106
19315 -2491.672119 2713.109375 86.793999 106
19315 -2491.672119 2713.109375 86.793999 106
19833 -2562.739258 2716.649170 88.887100 107
19833 -2562.739258 2716.649170 88.887100 107
19833 -2562.739258 2716.649170 88.887100 107
19833 -2612.010254 2718.642578 91.158302 108
19833 -2612.010254 2718.642578 91.158302 108
19833 -2612.010254 2718.642578 91.158302 108
19833 -2644.063721 2732.992432 98.874100 109
19833 -2644.063721 2732.992432 98.874100 109
19833 -2644.063721 2732.992432 98.874100 109
19315 -2737.957275 2678.349609 105.934998 110
19315 -2737.957275 2678.349609 105.934998 110
19315 -2737.957275 2678.349609 105.934998 110
19833 -2811.079102 2541.716064 116.331596 111
19833 -2811.079102 2541.716064 116.331596 111
19833 -2811.079102 2541.716064 116.331596 111
19315 -2815.577393 2442.585693 109.639603 112
19315 -2815.577393 2442.585693 109.639603 112
19315 -2815.577393 2442.585693 109.639603 112
19315 -2796.428223 2323.081787 82.476097 113
19315 -2796.428223 2323.081787 82.476097 113
19315 -2796.428223 2323.081787 82.476097 113
19833 -2768.986816 2248.428711 73.413002 114
19833 -2768.986816 2248.428711 73.413002 114
19833 -2768.986816 2248.428711 73.413002 114
19833 1030.885986 -164.542892 26.240000 115
19315 -941.049438 -1959.455444 46.566124 116
19833 -700.631287 -2388.572754 50.992699 117
19833 -1264.270142 -2048.925293 21.694700 118
19315 2406.357178 -143.357101 28.393200 119
19315 2292.131836 -378.202606 55.279999 120
19833 2461.304443 -162.814102 31.526100 121
19833 2394.743408 -366.169098 64.455704 122
